1 501 1
1 502 1
1 503 1
1 504 1
1 505 1
1 506 1
1 507 1
1 508 1
1 509 1
1 510 1
1 511 1
1 512 1
1 513 1
1 514 1
1 515 1
1 516 1
1 517 1
1 518 1
1 519 1
1 520 1
1 521 1
1 522 1
1 523 1
1 524 1
1 525 1
1 526 1
1 527 1
1 528 1
1 529 1
1 530 1
1 531 1
1 532 1
1 533 1
1 534 1
1 535 1
1 536 1
1 537 1
1 538 1
1 539 1
1 540 1
1 541 1
1 542 1
1 543 1
1 544 1
1 545 1
1 546 1
1 547 1
1 548 1
2 502 1
2 549 1
2 503 1
2 550 1
2 551 1
2 507 1
2 552 1
2 499 1
2 516 1
2 533 1
2 495 1
2 553 1
2 554 1
2 555 1
2 556 1
2 557 1
3 516 1
3 507 1
3 526 1
3 558 1
3 492 1
3 494 1
3 495 1
3 499 1
3 559 1
3 502 1
3 518 1
3 490 1
3 509 1
4 560 1
4 561 1
4 562 1
4 563 1
4 564 1
4 565 1
4 566 1
4 567 1
4 568 1
4 569 1
4 570 1
4 571 1
4 572 1
4 573 1
4 574 1
4 575 1
4 576 1
4 577 1
4 578 1
4 579 1
5 580 1
5 581 1
5 582 1
5 583 1
5 584 1
5 585 1
5 586 1
5 587 1
6 588 1
6 589 1
6 590 1
6 591 1
6 592 1
6 593 1
6 594 1
6 595 1
7 596 1
7 572 1
7 597 1
7 598 1
7 599 1
7 600 1
7 601 1
7 602 1
7 603 1
7 604 1
7 605 1
7 606 1
7 607 1
8 578 1
8 560 1
8 567 1
8 564 1
8 571 1
8 608 1
8 609 1
8 610 1
8 611 1
8 612 1
8 613 1
8 614 1
8 615 1
8 616 1
8 617 1
8 618 1
8 50 1
8 619 1
8 620 1
8 621 1
8 622 1
8 623 1
8 624 1
8 51 1
8 625 1
9 626 1
9 627 1
9 628 1
9 629 1
9 630 1
9 631 1
9 632 1
9 633 1
9 634 1
9 635 1
9 636 1
9 637 1
9 638 1
9 624 1
9 639 1
9 640 1
10 625 1
10 641 1
10 642 1
10 643 1
10 644 1
10 645 1
10 646 1
10 61 1
10 632 1
10 647 1
10 648 1
10 649 1
10 650 1
10 651 1
10 51 1
10 652 1
10 653 1
11 654 1
11 655 1
11 656 1
11 657 1
11 658 1
11 659 1
11 660 1
11 661 1
12 662 1
12 663 1
12 618 1
12 664 1
12 54 1
12 665 1
12 666 1
12 667 1
12 668 1
13 669 1
13 670 1
13 67 1
13 671 1
13 672 1
13 673 1
13 674 1
13 675 1
13 676 1
13 677 1
13 644 1
13 678 1
14 679 1
14 680 1
14 51 1
14 681 1
14 682 1
14 683 1
14 674 1
14 684 1
14 685 1
14 686 1
14 687 1
14 688 1
14 689 1
15 690 1
15 674 1
15 632 1
15 580 1
15 684 1
15 685 1
15 691 1
15 45 1
15 692 1
16 693 1
16 694 1
16 695 1
16 696 1
16 697 1
16 698 1
16 699 1
16 700 1
16 701 1
17 702 1
17 703 1
17 704 1
17 705 1
17 706 1
17 707 1
17 708 1
17 709 1
17 631 1
17 710 1
17 632 1
17 711 1
17 712 1
17 713 1
17 714 1
17 715 1
17 716 1
17 717 1
17 718 1
17 719 1
17 720 1
17 721 1
17 646 1
17 722 1
17 723 1
17 724 1
17 725 1
17 726 1
17 727 1
17 674 1
17 580 1
17 728 1
17 729 1
17 730 1
17 731 1
17 732 1
17 733 1
17 734 1
17 735 1
17 736 1
18 737 1
18 658 1
18 738 1
18 739 1
18 740 1
18 741 1
18 742 1
18 743 1
18 744 1
18 745 1
18 746 1
18 642 1
18 747 1
18 748 1
18 749 1
18 750 1
18 751 1
18 752 1
18 753 1
18 754 1
18 755 1
18 756 1
18 757 1
18 758 1
18 759 1
18 760 1
18 761 1
18 762 1
18 763 1
18 764 1
18 765 1
18 766 1
18 767 1
18 768 1
19 769 1
19 770 1
19 771 1
19 772 1
19 773 1
19 774 1
19 775 1
19 776 1
19 777 1
19 778 1
19 779 1
19 780 1
19 781 1
19 782 1
19 783 1
19 683 1
19 784 1
19 785 1
19 786 1
19 787 1
19 788 1
19 789 1
20 492 1
20 703 1
20 790 1
20 791 1
20 68 1
20 792 1
20 674 1
20 793 1
20 617 1
20 516 1
20 794 1
20 795 1
20 527 1
20 796 1
20 513 1
20 797 1
20 549 1
20 798 1
20 512 1
20 525 1
20 521 1
20 507 1
20 556 1
20 523 1
20 799 1
20 800 1
20 535 1
20 801 1
20 495 1
20 802 1
20 803 1
20 804 1
20 805 1
20 806 1
20 807 1
20 559 1
21 610 1
21 51 1
21 808 1
21 681 1
21 611 1
21 612 1
21 809 1
21 810 1
21 811 1
21 812 1
21 589 1
21 813 1
21 814 1
21 815 1
21 816 1
21 817 1
21 818 1
21 819 1
21 820 1
21 821 1
21 822 1
21 823 1
21 824 1
21 825 1
21 674 1
21 826 1
21 827 1
21 828 1
21 829 1
21 632 1
21 830 1
21 831 1
21 832 1
21 833 1
21 834 1
21 835 1
21 836 1
21 837 1
21 838 1
21 839 1
21 840 1
21 841 1
22 842 1
22 843 1
22 844 1
22 845 1
22 846 1
22 847 1
22 848 1
22 849 1
23 850 1
23 851 1
23 852 1
23 853 1
23 854 1
23 855 1
23 856 1
23 857 1
23 858 1
23 859 1
23 860 1
23 861 1
23 862 1
23 863 1
23 864 1
23 865 1
23 866 1
23 867 1
23 656 1
23 868 1
23 869 1
23 870 1
23 871 1
23 872 1
23 873 1
23 874 1
23 875 1
23 876 1
23 877 1
23 878 1
23 879 1
23 880 1
23 881 1
23 882 1
23 883 1
23 677 1
23 884 1
23 885 1
23 886 1
23 887 1
23 888 1
23 889 1
23 890 1
23 891 1
23 892 1
23 893 1
23 894 1
23 895 1
23 896 1
23 897 1
23 898 1
23 899 1
23 900 1
23 901 1
23 902 1
23 903 1
23 904 1
23 905 1
23 906 1
23 907 1
23 908 1
23 909 1
24 910 1
24 657 1
24 911 1
24 912 1
24 913 1
24 914 1
24 915 1
24 916 1
24 917 1
24 918 1
24 919 1
24 920 1
24 921 1
24 922 1
24 923 1
24 924 1
24 925 1
24 926 1
24 927 1
24 928 1
24 929 1
24 930 1
24 931 1
24 932 1
24 933 1
25 934 1
25 626 1
25 935 1
25 936 1
25 937 1
25 938 1
25 939 1
25 940 1
25 941 1
25 942 1
25 656 1
25 943 1
25 944 1
26 692 1
26 672 1
26 945 1
26 946 1
26 580 1
26 947 1
26 948 1
26 949 1
27 950 1
27 951 1
27 952 1
27 953 1
27 954 1
27 955 1
27 956 1
27 957 1
27 958 1
27 959 1
27 960 1
27 961 1
27 560 1
27 962 1
27 963 1
27 964 1
27 965 1
27 966 1
27 967 1
27 968 1
27 969 1
27 970 1
27 971 1
27 972 1
27 973 1
27 974 1
27 975 1
27 976 1
27 977 1
27 978 1
27 979 1
27 571 1
27 980 1
27 577 1
27 981 1
27 570 1
28 601 1
28 982 1
28 983 1
28 600 1
28 984 1
28 985 1
28 986 1
28 987 1
28 988 1
28 598 1
28 989 1
28 990 1
29 991 1
29 992 1
29 993 1
29 922 1
29 994 1
29 995 1
29 996 1
29 997 1
29 998 1
29 999 1
29 1000 1
29 1001 1
29 1002 1
29 1003 1
29 1004 1
29 1005 1
29 1006 1
29 1007 1
29 918 1
29 1008 1
29 1009 1
29 1010 1
30 51 1
30 610 1
30 580 1
30 54 1
30 641 1
30 704 1
30 609 1
30 625 1
30 651 1
30 663 1
30 611 1
30 793 1
30 1011 1
30 690 1
30 1012 1
30 67 1
30 1013 1
30 949 1
30 1014 1
30 945 1
30 632 1
30 1015 1
30 1016 1
30 45 1
30 1017 1
30 713 1
30 1018 1
30 66 1
30 64 1
30 68 1
30 671 1
30 1019 1
30 714 1
30 1020 1
30 1021 1
30 1022 1
30 1023 1
30 679 1
30 1024 1
30 672 1
31 1025 1
31 1026 1
31 1027 1
31 1028 1
31 1029 1
31 1030 1
31 910 1
31 1031 1
31 1032 1
31 1033 1
31 1034 1
31 877 1
31 1035 1
31 1036 1
31 1037 1
31 1003 1
31 1038 1
31 1039 1
31 1040 1
31 1041 1
31 1042 1
31 1043 1
31 1044 1
31 1045 1
31 1046 1
31 1047 1
31 1048 1
31 1049 1
31 1050 1
31 1051 1
32 1052 1
32 1053 1
32 937 1
32 1054 1
32 1055 1
32 1056 1
32 747 1
32 1057 1
32 1058 1
32 1059 1
32 1060 1
32 1061 1
32 1062 1
32 660 1
32 1063 1
32 1064 1
32 627 1
32 843 1
32 1065 1
32 1066 1
32 661 1
32 1067 1
32 1068 1
32 1069 1
32 1070 1
32 938 1
32 1071 1
32 657 1
32 1072 1
32 763 1
32 1073 1
32 1074 1
32 628 1
32 1075 1
32 1076 1
32 655 1
32 854 1
32 936 1
32 1077 1
32 1078 1
32 1079 1
32 1080 1
32 1081 1
32 1082 1
32 1083 1
32 926 1
32 1084 1
32 1085 1
32 1086 1
32 1087 1
32 1088 1
32 1089 1
32 1090 1
32 1091 1
32 1092 1
32 1093 1
32 595 1
32 1094 1
32 890 1
32 1095 1
32 1096 1
32 1097 1
32 1098 1
32 1099 1
32 1100 1
32 1101 1
32 1102 1
32 1103 1
32 1104 1
32 1105 1
32 1106 1
32 1107 1
32 1108 1
32 1109 1
32 845 1
32 1010 1
32 1110 1
32 621 1
32 1111 1
32 1112 1
32 1113 1
32 1114 1
32 1115 1
32 1116 1
32 1117 1
32 1118 1
32 1119 1
32 1120 1
32 644 1
33 1121 1
33 1122 1
33 1123 1
33 541 1
33 1124 1
33 800 1
33 796 1
33 1125 1
33 540 1
33 1126 1
33 534 1
33 1127 1
33 1128 1
33 1129 1
33 548 1
33 1130 1
33 1131 1
33 492 1
33 537 1
33 559 1
33 1132 1
33 536 1
33 1133 1
33 1134 1
33 1135 1
33 1136 1
33 799 1
33 496 1
33 552 1
33 1137 1
33 502 1
33 1138 1
34 1139 1
34 1044 1
34 1140 1
34 1027 1
34 1141 1
34 1142 1
34 1143 1
34 843 1
34 893 1
34 1144 1
35 1145 1
35 1146 1
35 671 1
35 1147 1
35 822 1
35 1148 1
35 1149 1
35 1150 1
36 1151 1
36 557 1
36 800 1
36 805 1
36 1152 1
36 1153 1
36 1154 1
36 1155 1
36 1156 1
37 664 1
37 1157 1
37 631 1
37 1013 1
37 51 1
37 790 1
37 609 1
37 1023 1
37 1158 1
37 680 1
37 1159 1
37 647 1
38 1160 1
38 1154 1
38 1161 1
38 1162 1
38 1163 1
38 1164 1
38 1165 1
38 1166 1
38 1167 1
38 1168 1
38 942 1
38 1169 1
38 1170 1
38 1171 1
38 1172 1
39 703 1
39 679 1
39 1173 1
39 674 1
39 1174 1
39 68 1
39 1175 1
39 609 1
39 1017 1
39 51 1
39 663 1
39 1157 1
39 64 1
39 1176 1
39 1177 1
39 714 1
40 1178 1
40 1179 1
40 1180 1
40 1181 1
40 1182 1
40 1183 1
40 1184 1
40 1185 1
40 953 1
40 1186 1
40 1187 1
40 1188 1
40 977 1
40 560 1
40 1189 1
40 1190 1
40 1191 1
40 1192 1
40 567 1
40 1193 1
40 1194 1
40 1195 1
40 1196 1
40 1197 1
40 1198 1
40 1199 1
40 1200 1
40 1201 1
40 1202 1
40 1203 1
40 1204 1
40 1205 1
40 1206 1
40 570 1
40 1207 1
40 1208 1
40 1209 1
40 1210 1
40 1211 1
40 1212 1
40 1213 1
40 1214 1
40 1215 1
40 1216 1
40 1217 1
40 1218 1
40 1219 1
40 1220 1
40 1221 1
40 1222 1
40 1223 1
40 1224 1
40 1225 1
40 1226 1
40 1227 1
40 1228 1
40 1229 1
40 968 1
40 1230 1
40 1231 1
40 1232 1
40 1233 1
40 1234 1
40 1235 1
40 1236 1
40 1237 1
40 1238 1
40 1239 1
40 1240 1
40 1241 1
40 1242 1
40 1243 1
40 1244 1
40 1245 1
40 1246 1
40 1247 1
40 1248 1
40 1249 1
40 1250 1
40 1251 1
40 874 1
40 1252 1
40 1253 1
40 1254 1
40 1255 1
40 1256 1
40 1257 1
40 1258 1
40 1259 1
40 1260 1
40 1261 1
40 1262 1
40 1263 1
40 1264 1
40 1265 1
40 1266 1
40 1267 1
40 55 1
40 1268 1
40 1269 1
40 1270 1
40 1271 1
40 1272 1
40 1273 1
40 642 1
40 1274 1
40 810 1
40 1275 1
40 1276 1
40 1277 1
40 1278 1
40 1279 1
40 1280 1
40 1281 1
40 1282 1
40 1283 1
40 1284 1
40 1285 1
40 1286 1
40 1287 1
40 1161 1
40 1288 1
40 1167 1
40 1289 1
40 1290 1
40 1154 1
40 1291 1
40 1292 1
40 870 1
40 1293 1
40 768 1
40 1294 1
40 1295 1
40 1296 1
40 1297 1
40 1298 1
40 1299 1
40 1300 1
40 1301 1
40 1302 1
40 1303 1
40 1304 1
40 1305 1
40 1306 1
40 1307 1
40 1308 1
40 942 1
40 1309 1
40 745 1
40 1310 1
40 1311 1
40 1153 1
40 1312 1
40 1313 1
40 1091 1
40 1314 1
40 1315 1
40 1316 1
40 1069 1
40 1317 1
40 1318 1
40 1319 1
40 1320 1
40 1321 1
40 1322 1
40 1323 1
40 1324 1
40 1325 1
40 1326 1
40 1327 1
40 1328 1
40 1329 1
40 1330 1
40 1331 1
40 1332 1
40 1333 1
40 1334 1
40 1335 1
40 1336 1
40 1337 1
40 1338 1
40 1339 1
40 1340 1
40 1341 1
40 1342 1
40 1343 1
40 1344 1
40 1345 1
40 1346 1
40 1347 1
40 1348 1
40 1016 1
40 1349 1
40 1350 1
40 611 1
40 1351 1
40 1352 1
40 1353 1
40 1354 1
40 1355 1
40 1356 1
40 1357 1
40 1358 1
40 1359 1
40 1360 1
40 1361 1
40 1362 1
40 1363 1
40 1364 1
40 1365 1
40 896 1
40 1366 1
40 1367 1
40 1368 1
40 1369 1
40 1370 1
40 1371 1
40 1372 1
40 1373 1
40 1374 1
40 1116 1